0.0,0.0,400,400,25
123:54,1;55,1;56,1;57,1;58,1;59,1;60,1;61,1;62,1;63,1;64,1;65,1;66,1;67,1;68,1;69,1;70,1;71,1;72,1;73,1;74,1;75,1;76,1;77,1;78,1;79,1;80,1;81,1;82,1;83,1;84,1;85,1;86,1;87,1;88,1;89,1;90,1;91,1;92,1;93,1;94,1;95,1;96,1;97,1;98,1;99,1;100,1;101,1;102,1;103,1;104,1;105,1;106,1;107,1;108,1;109,1;110,1;111,1;112,1;113,1;114,1;115,1;116,1;117,1;118,1;119,1;120,1;121,1;122,1;123,1;124,1;125,1;126,1;127,0;128,0;129,0;130,0;131,0;132,0;133,0;134,0;135,0;136,0;137,0;138,0;139,0;140,0;141,0;142,0;143,0;144,0;145,0;146,0
124:54,1;126,1;146,0
125:54,1;126,1;146,0
126:54,1;126,1;146,0
127:54,1;126,1;146,0
128:54,1;126,1;146,0
129:54,1;126,1;146,0
130:54,1;126,1;146,0
131:54,1;126,1;146,0
132:54,1;126,1;146,0
133:54,1;146,0
134:54,1;146,0
135:54,1;146,0
136:54,1;146,0
137:54,1;146,0
138:54,1;146,0
139:54,1;55,1;56,1;57,1;58,1;59,1;60,1;61,1;62,1;63,1;64,1;65,1;66,1;67,1;68,1;69,1;70,1;71,1;72,1;73,1;74,1;75,1;76,1;77,1;78,1;79,1;80,1;81,1;82,1;83,1;84,1;85,1;86,1;87,1;88,1;89,1;90,1;91,1;92,1;93,1;94,1;95,1;96,1;97,1;98,1;99,1;100,1;101,1;102,1;103,1;104,1;105,1;106,1;107,1;108,1;109,1;110,1;111,1;112,1;113,1;114,1;115,1;116,1;117,1;118,1;119,1;120,1;121,1;122,1;123,1;124,1;125,1;126,1;127,0;128,0;129,0;130,0;131,0;132,0;133,0;134,0;135,0;136,0;137,0;138,0;139,0;140,0;141,0;142,0;143,0;144,0;145,0;146,0
::
::
Door,3162.5:3325.0,0.0,0, 
Exit Elavator,3540.730989966818:3475.0,0.0,1, 
Companion Cube,3041.5634763383664:3415.2379320462383,0.0,0, 
Enter Elavator,1489.1362657964003:3475.0,0.0,0, 
Floating Text,1688.1949857964003:3166.9780749429005,0.0,0,Welcome to portal! Use WASD to move.
Button,2333.787293847427:3475.0,0.0,0, 
Floating Text,2595.148468631742:3173.681051368257,0.0,0,Some objects like buttons can acivate others such as doors
Floating Text,2610.148468631742:3249.681051368257,0.0,0,Pick up an object by pointing the mouse towards it and press E. 
Floating Text,2609.148468631742:3308.681051368257,0.0,0,To drop an object press E again
::
5,0
::
3150.0,3325.0
3175.0,3325.0
3175.0,3100.0
3650.0,3100.0
3650.0,3475.0
1375.0,3475.0
1375.0,3100.0
3150.0,3100.0
