0.0,0.0,400,400,25
102:181,0;182,1;183,1;184,1;185,1;186,1;187,1;188,1;189,1;190,1;191,0
103:181,0;191,0
104:181,0;191,0
105:181,0;191,0
106:181,0;191,0
107:181,0;191,0
108:133,1;134,1;135,0;136,0;137,0;138,0;139,0;140,0;141,0;142,0;143,0;144,0;145,0;146,0;147,0;148,0;149,0;150,0;151,0;152,0;153,0;154,0;155,0;156,0;157,0;158,0;159,0;160,0;161,0;162,0;163,0;164,0;165,0;166,0;167,0;168,0;169,0;170,0;171,0;172,0;173,0;174,0;175,0;176,0;177,0;178,0;179,0;181,0;191,0
109:133,1;179,0;181,0;191,0
110:133,1;179,0;180,0;181,0;191,0
111:133,1;191,0
112:133,1;191,0;192,0;193,0;194,0;195,0;196,0;197,0;198,0;199,0;200,0;201,0;202,0;203,0;204,0;205,0;206,0;207,0
113:133,1;191,0;207,0
114:113,1;114,1;115,1;116,1;117,1;118,1;119,1;120,1;121,1;122,1;123,1;124,1;125,1;126,1;127,1;128,1;129,1;130,1;131,1;133,1;191,0;207,0
115:113,1;131,1;133,1;191,0;207,0
116:113,1;131,1;133,1;207,0
117:113,1;131,1;133,1;207,0
118:113,1;131,1;133,1;207,0
119:113,1;131,1;133,1;207,0
120:103,1;104,1;105,1;106,1;107,1;108,1;109,1;110,1;111,1;112,1;113,1;131,1;132,1;133,1;147,0;148,0;149,0;150,0;151,0;152,0;153,0;154,0;155,0;156,0;157,0;158,0;159,0;160,0;161,0;162,0;163,0;164,0;165,0;166,0;167,0;168,0;169,0;170,0;171,0;172,0;173,0;174,0;175,0;176,0;177,0;178,0;179,0;180,0;181,0;207,0
121:103,1;181,0;207,0
122:103,1;148,0;149,0;150,0;151,0;152,0;153,0;154,0;155,0;156,0;157,0;158,0;159,0;160,0;161,0;162,0;163,0;164,0;165,0;166,0;167,0;168,0;169,0;170,0;171,0;172,0;173,0;174,0;175,0;176,0;177,0;178,0;181,0;182,0;183,0;184,0;185,0;186,0;187,0;188,0;189,0;190,0;191,0;192,0;193,0;194,0;195,0;196,0;207,0
123:103,1;148,1;178,0;196,0;207,0
124:103,1;148,1;178,0;196,0;207,0
125:103,1;148,1;178,0;179,0;180,0;181,0;182,0;183,0;184,0;185,0;186,0;187,0;188,0;189,0;190,0;191,0;192,0;193,0;196,0;207,0
126:103,1;148,1;178,0;193,0;196,0;207,0
127:103,1;148,1;178,0;193,0;196,0;207,0
128:103,1;148,1;193,0;196,0;207,0
129:103,1;139,1;140,1;141,1;142,1;143,1;144,1;145,1;146,1;147,1;148,1;193,0;196,0;207,0
130:103,1;139,1;193,0;196,0;207,0
131:103,1;139,1;193,0;196,0;207,0
132:103,1;139,1;193,0;196,0;207,0
133:103,1;104,1;105,1;106,1;107,1;108,1;109,1;110,1;111,1;112,1;113,1;114,1;115,1;116,1;117,1;118,1;119,1;120,1;121,1;122,1;123,1;124,1;125,1;126,1;127,1;128,1;129,1;130,1;139,1;193,0;196,0;207,0
134:139,1;193,0;196,0;207,0
135:131,0;132,0;133,0;134,0;135,0;136,0;137,0;138,0;139,1;184,1;185,0;186,0;187,0;188,0;189,0;190,0;191,0;192,0;193,0;196,0;207,0
136:131,0;184,1;196,0;207,0
137:131,0;184,1;196,0;207,0
138:131,0;184,1;196,0;207,0
139:131,0;153,0;154,0;155,0;156,0;184,1;196,0;207,0
140:131,0;184,1;185,0;186,0;187,0;188,0;189,0;190,0;191,0;192,0;193,0;194,0;195,0;196,0;207,0
141:131,0;207,0
142:131,0;139,0;140,0;141,0;142,0;143,0;144,0;145,0;146,0;207,0
143:131,0;139,0;177,0;207,0
144:131,0;139,0;177,0;207,0
145:131,0;139,0;177,0;207,0
146:131,0;139,0;177,0;207,0
147:131,0;139,0;177,0;207,0
148:131,0;139,0;177,0;207,0
149:131,0;139,0;177,0;207,0
150:131,0;139,0;140,0;141,0;142,0;143,0;144,0;145,0;146,0;147,0;148,0;149,0;150,0;156,0;157,0;158,0;159,0;160,0;161,0;162,0;163,0;164,0;165,0;166,0;167,0;168,0;169,0;170,0;171,0;172,0;173,0;174,0;175,0;176,0;177,0;183,0;184,0;185,0;186,0;187,0;188,0;189,0;190,0;191,0;192,0;193,0;194,0;195,0;196,0;197,0;198,0;199,0;200,0;201,0;202,0;203,0;204,0;205,0;206,0;207,0
151:131,0;150,0
152:131,0;150,0
153:131,0;150,0
154:131,0;150,0
155:131,0;150,0
156:131,0;150,0
157:131,0;150,0
158:131,0;150,0
159:131,0;150,0
160:131,0;150,0
161:131,0;150,0
162:131,0;132,0;133,0;134,0;135,0;136,0;137,0;138,0;139,0;140,0;141,0;142,0;143,0;144,0;145,0;146,0;147,0;148,0;149,0;150,0
::
13275.0,3350.0;3275.0,3325.0;3675.0,3000.0;3675.0,3025.0
04450.0,3600.0;4450.0,3575.0;4575.0,3750.0;4575.0,3775.0
03675.0,3575.0;3675.0,3550.0;3900.0,3750.0;3900.0,3775.0
::
Enter Elavator,2714.5:3325.0,0.0,0, 
Energy Pellet Reciever,4669.260142958325:3050.0,-1.5707963267948966,0, 
Door,4787.5:2900.0,0.0,0, 
Turret,4499.705485662359:2950.0,0.0,1, 
Turret,4767.07354913416:3325.0,0.0,1, 
Energy Pellet Launcher,4450.0:3138.884133883864,-3.141592653589793,0, 
Turret,3589.07354913416:3500.0,0.0,0, 
Exit Elavator,3621.839748734161:4050.0,0.0,1, 
Energy Pellet Launcher,2850.0:2966.0,-6.283185307179586,0, 
Turret,3880.216084626103:3425.0,0.0,0, 
::
1,2
::
2850.0,2875.0
3275.0,2875.0
3275.0,3025.0
3350.0,3025.0
3350.0,2725.0
4475.0,2725.0
4475.0,2775.0
4550.0,2775.0
4550.0,2575.0
4775.0,2575.0
4775.0,2900.0
4800.0,2900.0
4800.0,2825.0
5175.0,2825.0
5175.0,3750.0
4575.0,3750.0
4450.0,3575.0
4425.0,3575.0
4425.0,3750.0
3900.0,3750.0
3675.0,3550.0
3475.0,3550.0
3475.0,3775.0
3750.0,3775.0
3750.0,4050.0
3300.0,4050.0
3300.0,3400.0
3500.0,3400.0
3500.0,3250.0
3725.0,3250.0
3725.0,3075.0
4450.0,3075.0
4450.0,3200.0
4475.0,3200.0
4475.0,3150.0
4825.0,3150.0
4825.0,3375.0
4600.0,3375.0
4600.0,3525.0
4925.0,3525.0
4925.0,3050.0
4550.0,3050.0
4550.0,3000.0
3675.0,3000.0
3275.0,3325.0
2600.0,3325.0
2600.0,3025.0
2850.0,3025.0
