0.0,0.0,400,400,25
112:103,0;104,0;105,0;106,0;107,0;108,0;109,0;110,0;111,0;112,0;113,0;114,0;115,0;116,0;117,0;118,0;119,0;120,0;121,0;122,0;123,0;124,0;125,0;126,0;127,0;128,0;129,0;130,0;131,0;132,0;133,0;134,0
113:103,0
114:103,0
115:103,0
116:103,0
117:103,0;143,0;144,0;145,0;146,0;147,0;148,0;149,0;150,0;151,0;152,0;153,0;154,0;155,0;156,0;157,0;158,0
118:103,0;143,0;158,0
119:103,0;141,0;142,0;143,0;158,0
120:103,0;141,0;158,0
121:103,0;141,0;158,0
122:103,0;141,0;158,0
123:103,0;158,0
124:103,0;158,0
125:103,0;158,0
126:103,0;158,0
127:103,0;158,0
128:103,0;158,0
129:103,0;104,0;105,0;106,0;107,0;108,0;109,0;110,0;111,0;112,0;113,0;114,0;115,0;116,0;117,0;118,0;119,0;120,0;121,0;122,0;123,1;124,1;125,1;126,1;127,1;128,1;129,1;130,0;131,0;132,0;133,0;134,0;135,1;136,1;137,1;138,1;139,1;140,1;141,0;142,0;143,0;144,0;145,0;146,0;147,0;148,0;149,0;158,0
130:149,0;158,0
131:149,0;158,0
132:138,1;139,1;140,1;141,1;142,1;143,1;144,1;145,1;146,1;147,1;148,1;149,1;158,1;159,1;160,1;161,1;162,1;163,1;164,1;165,1;166,1;167,1;168,1;169,1;170,1;171,1
146:136,1;137,1;138,1;139,1;140,1;141,1;142,1;143,1;144,1;145,1;146,1;147,1;148,1;149,1;150,1;151,1;152,1;153,1;154,1;155,1;156,1;157,1;158,1;159,1;160,1;161,1;162,1;163,1;164,1;165,1;166,1;167,1;168,1;169,1;170,1
147:84,1;85,1;86,1;87,1;88,1;89,1;90,1;91,1;92,1;93,1;94,1;95,1;96,1;97,1;98,1;99,1;100,1;101,1;102,1;103,1;104,1;105,1;106,1;107,1
148:84,1;107,1;136,1;137,1;138,1;139,1;140,1;141,1;142,1;143,1;144,1;145,1;146,1;147,1;148,1;149,1;150,1;151,1;152,1;153,1;154,1;155,1;156,1;157,1;158,1;159,1;160,1;161,1;162,1;163,1;164,1;165,1;166,1;167,1;168,1
149:84,1;107,1;136,1
150:84,1;107,1;136,1
151:84,1;107,1;108,1;109,1;110,1;111,1;112,1;113,1;114,1;115,1;116,1;117,1;118,1;119,1;136,1;191,1;192,1;193,1;194,1;195,1;196,1;197,1;198,1;199,1;200,1;201,1;202,1
152:84,1;136,1;202,1
153:84,1;136,1;202,1
154:84,1;136,1;174,1;202,1
155:84,1;136,1;137,1;138,1;139,1;140,1;141,1;142,1;143,1;144,1;145,1;146,1;147,1;148,1;149,1;150,1;151,1;152,1;153,1;154,1;155,1;156,1;157,1;158,1;159,1;160,1;161,1;162,1;163,1;164,1;165,1;166,1;167,1;168,1;174,1;202,1
156:84,1;136,1;174,1;202,1
157:84,1;136,1;202,1
158:84,1;85,1;86,1;87,1;88,1;89,1;90,1;91,1;92,1;93,1;94,1;95,1;96,1;97,1;98,1;99,1;100,1;101,1;102,1;103,1;104,1;105,1;106,1;107,1;136,1;202,1
159:107,1;136,1;202,1
160:107,1;136,1;202,1
161:107,1;136,1;202,1
162:107,1;136,1;137,1;138,1;139,1;140,1;141,1;142,1;143,1;144,1;145,1;146,1;147,1;148,1;149,1;150,1;151,1;152,1;153,1;154,1;155,1;156,1;157,1;158,1;159,1;160,1;161,1;162,1;163,1;164,1;165,1;166,1;167,1;168,1;202,1
163:107,1;202,1
164:107,1;108,1;109,1;110,1;111,1;112,1;113,1;114,1;115,1;116,1;117,1;118,1;119,1;120,1;121,1;122,1;123,1;124,1;125,1;126,1;127,1;128,1;129,1;130,1;131,1;132,1;133,1;134,1;135,1;136,1;137,1;138,1;139,1;140,1;141,1;142,1;143,1;144,1;145,1;146,1;147,1;148,1;149,1;150,1;151,1;152,1;153,1;154,1;155,1;156,1;157,1;158,1;159,1;160,1;161,1;162,1;163,1;164,1;165,1;166,1;167,1;168,1;169,1;170,1;171,1;172,1;173,1;174,1;175,1;176,1;177,1;178,1;179,1;180,1;181,1;182,1;183,1;184,1;185,1;186,1;187,1;188,1;189,1;190,1;191,1;192,1;193,1;194,1;195,1;196,1;197,1;198,1;199,1;200,1;201,1;202,1
::
03375.0,2825.0;3375.0,2800.0;3550.0,2975.0;3525.0,2975.0
14300.0,3325.0;4300.0,3300.0;4775.0,3775.0;4775.0,3800.0
13450.0,3325.0;3450.0,3300.0;3000.0,3775.0;3000.0,3800.0
13400.0,3675.0;3400.0,3650.0;3000.0,4100.0;3025.0,4100.0
14275.0,3675.0;4275.0,3650.0;4675.0,4100.0;4650.0,4100.0
14350.0,3850.0;4375.0,3850.0;4225.0,3700.0;4225.0,3725.0
14350.0,3925.0;4375.0,3925.0;4225.0,4075.0;4225.0,4050.0
::
Enter Elavator,2729.5:3225.0,0.0,0, 
Energy Pellet Reciever,2600.0:2914.8603200000002,-6.283185307179586,0, 
Energy Pellet Launcher,3159.893999999998:2825.0,1.5707963267948966,0, 
Door,3537.5:3075.0,0.0,0, 
Button,2832.2967064934096:4100.0,0.0,0, 
Button,4882.111906493413:4100.0,0.0,0, 
Door,2687.5:3800.0,0.0,0, 
Energy Pellet Launcher,3425.0:3788.0268718461557,-6.283185307179586,0, 
Energy Pellet Reciever,3425.0:3964.0268718461557,-6.283185307179586,0, 
Door,4062.5:3725.0,0.0,0, 
Door,3712.5:3725.0,0.0,0, 
Door,3712.5:3900.0,0.0,0, 
Door,4062.5:3900.0,0.0,0, 
Exit Elavator,2242.646872684746:3950.0,0.0,0, 
::
1,3
8,6
4,10
4,12
5,9
5,11
::
3525.0,2975.0
3525.0,3075.0
3550.0,3075.0
3550.0,3000.0
3600.0,3000.0
3600.0,2950.0
3950.0,2950.0
3950.0,3325.0
4300.0,3325.0
4775.0,3800.0
5050.0,3800.0
5050.0,4100.0
2700.0,4100.0
2700.0,3950.0
2125.0,3950.0
2125.0,3700.0
2675.0,3700.0
2675.0,3800.0
3000.0,3800.0
3450.0,3325.0
3750.0,3325.0
3750.0,3225.0
2600.0,3225.0
2600.0,2825.0
3375.0,2825.0
