0.0,0.0,400,400,25
116:115,0;116,0;117,0;118,0;119,0;120,0;121,0;122,0;123,0;124,0;125,0;126,0;127,0;128,0;129,0;130,0;131,0;132,0;133,0;134,0;135,0;136,0;137,0;138,0
117:115,0;138,0
118:115,0;138,0
119:115,0;138,0
120:90,0;91,0;92,0;93,0;94,0;95,0;96,0;97,0;98,0;99,0;100,0;101,0;102,0;103,0;104,0;105,0;106,0;107,0;108,0;109,0;110,0;111,0;112,0;113,0;114,0;115,0;138,0;139,0;140,0;141,0;142,0;143,0;144,0;145,0;146,0;147,0;148,0;149,0;150,0;151,0;152,0;153,0;154,0;155,0;156,0
121:90,0;156,0
122:90,0;156,0
123:90,0;156,0
124:90,0;156,0
125:90,0;156,0
126:90,0;156,0
127:90,0;156,0
128:90,0;156,0
129:90,0;156,0
130:90,0;156,0
131:90,0;156,0
132:90,0;91,0;92,0;93,0;94,0;95,0;96,0;97,0;98,0;99,0;100,0;101,0;102,0;103,0;104,0;105,0;106,0;107,0;108,0;109,0;110,0;111,0;112,0;113,0;114,0;141,0;142,0;143,0;144,0;145,0;146,0;147,0;148,0;149,0;150,0;151,0;152,0;153,0;154,0;155,0;156,0
133:114,0;141,0
134:114,0;141,0
135:114,0;141,0
136:114,0;141,0
137:114,0;141,0
138:114,0;141,0
139:114,0;141,0
140:114,0;115,0;116,0;117,0;118,0;119,0;120,0;121,0;122,0;123,0;124,0;125,0;126,0;127,0;128,0;129,0;130,0;131,0;132,0;133,0;134,0;135,0;136,0;137,0;138,0;139,0;140,0;141,0
::
::
Button,2786.5:3300.0,0.0,0, 
Exit Elavator,3785.5:3300.0,0.0,1, 
Companion Cube Dispenser,3069.5:2925.0,0.0,0, 
Companion Cube Dispenser,3294.5:2925.0,0.0,0, 
Enter Elavator,2381.5:3300.0,0.0,0, 
Floating Text,3179.5:3249.0,0.0,0,If a level becomes impossible hold r to restart
::
0,2
0,3
::
2900.0,2925.0
3450.0,2925.0
3450.0,3025.0
3900.0,3025.0
3900.0,3300.0
3525.0,3300.0
3525.0,3500.0
2875.0,3500.0
2875.0,3300.0
2275.0,3300.0
2275.0,3025.0
2900.0,3025.0
