0.0,0.0,400,400,25
65:155,0;156,0;157,0;158,0;159,0;160,0;161,0;162,0;163,0;164,0;165,0;166,0;167,0;168,0;169,0;170,0;171,0;172,0;173,0;174,0;175,0;176,0;177,0;178,0;179,0;180,0;181,0;182,0;183,0;184,0;185,0;186,0;187,0;188,0;189,0;190,0;191,0;192,0;193,0;194,0;195,0;196,0;197,0;198,0;199,0;200,0;201,0;202,0;203,0;204,0
66:155,0;204,0
67:155,0;204,0
68:155,0;204,0
69:155,0;204,0
70:155,0;204,0
71:155,0;204,0
72:155,0;204,0;205,0;206,0;207,0;208,0;209,0;210,0;211,0;212,0;213,0;214,0;215,0;216,0;217,0;218,0;219,0;220,0;221,0;222,0;223,0;224,0
73:155,0;204,0;224,0
74:155,0;204,0;224,0
75:155,0;204,0;224,0
76:155,0;204,0;224,0
77:155,0;224,0
78:155,0;224,0
79:155,0;224,0
80:155,0;224,0
81:155,0;224,0
82:155,0;224,0
83:155,0;183,0;184,0;185,0;186,0;187,0;188,0;189,0;190,0;191,0;192,0;193,0;194,0;195,0;196,0;197,0;198,0;199,0;200,0;201,0;202,0;203,0;204,0;205,0;206,0;207,0;208,0;209,0;210,0;211,0;212,0;213,0;214,0;215,0;216,0;217,0;218,0;219,0;220,0;221,0;222,0;223,0;224,0
84:155,0;183,0
85:155,0;183,0
86:155,0;183,0
87:155,0;183,0
88:183,0
89:183,0
90:183,0
91:183,0
92:183,0
93:162,0;183,0;184,0;185,0;186,0;187,0;188,0;189,0;190,0;191,0;192,0;193,0
94:162,0;193,0
95:162,0;193,0
96:162,0;193,0
97:162,0;193,0
98:162,0;193,0
99:162,0;193,0
100:162,0;163,0;164,0;165,0;166,0;167,0;168,0;169,0;170,0;193,0
101:170,0
102:170,0
103:170,0
104:170,1
105:170,1
106:170,1
107:170,1;187,0
108:170,1;187,0
109:170,1;187,0
110:170,1;187,0
111:106,0;107,0;108,0;109,0;110,0;111,0;112,0;113,0;114,0;115,0;116,0;117,0;118,0;119,0;120,0;121,0;122,0;123,0;124,0;125,0;126,0;127,0;128,0;129,0;130,0;131,0;132,0;133,0;134,0;135,0;136,0;137,0;138,0;139,0;140,1;141,1;142,1;143,1;144,1;145,1;146,1;147,1;148,1;149,1;150,1;151,1;152,1;153,1;154,1;155,1;156,1;170,1;187,0
112:106,1;139,0;156,0;170,0;187,0
113:106,1;139,0;156,0;170,0;187,0
114:106,1;139,0;156,0;170,0;180,0;181,0;182,0;183,0;184,0;185,0;186,0;187,0
115:106,1;139,0;156,0;170,0;180,0
116:106,1;139,0;156,0;170,0;180,0
117:106,1;139,0;156,0;157,0;158,0;159,0;170,0;180,0
118:106,1;139,0;159,0;170,0;180,0
119:106,1;139,0;159,0;160,0;161,0;162,0;163,0;164,1;165,1;166,1;167,1;168,1;169,1;170,1;180,0
120:106,1;148,1;149,1;150,1;180,0
121:106,1;148,1;150,1;180,0
122:92,0;93,1;94,1;95,1;96,1;97,1;98,1;99,1;100,1;101,1;102,1;103,1;104,1;105,1;106,1;148,1;150,1;180,0
123:92,0;148,1;150,1;180,0
124:92,0;148,1;150,1;180,0
125:92,0;148,1;150,1;180,0
126:92,0;126,0;127,0;128,0;129,0;130,0;131,0;132,0;133,0;134,0;135,0;136,0;137,0;138,0;139,0;140,0;141,0;142,0;143,0;144,0;145,0;146,0;147,0;148,0;150,0;151,0;152,0;153,0;154,0;155,0;156,0;157,0;158,0;159,0;160,0;161,0;162,0;163,0;164,0;165,0;166,0;167,0;168,0;180,0
127:92,0;126,0;168,0;180,0
128:92,0;126,0;168,0;180,0
129:92,0;126,0;168,0;180,0
130:92,0;126,0;168,0;180,0
131:92,0;126,0;168,0;169,0;170,0;171,0;180,0
132:92,0;93,0;94,0;95,0;96,0;97,0;98,0;99,0;100,0;101,0;102,0;103,0;104,0;105,0;106,0;107,0;108,0;126,0;171,0;180,0
133:108,0;126,0;171,0;180,0
134:108,0;126,0;171,0;180,0
135:108,0;126,0;171,0;180,0
136:108,0;126,0;171,0;180,0
137:108,0;126,0;171,0;180,0
138:108,0;126,0;171,0;180,0
139:108,0;126,0;171,0;180,0
140:108,0;126,0;171,0;180,0
141:108,0;126,0;171,0;180,0
142:108,0;126,0;171,0;180,0
143:108,0;126,0;171,0;172,1;173,1;174,1;175,1;176,1;177,1;178,1;179,1;180,0
144:108,0;126,0
145:108,0;126,0
146:108,0;126,0
147:108,0;126,0
148:108,0;126,0
149:108,0;109,1;110,1;111,1;112,1;113,1;114,1;115,1;116,1;117,1;118,1;119,1;120,1;121,1;122,1;123,1;124,1;125,1;126,0
::
14675.0,2675.0;4700.0,2675.0;4850.0,2525.0;4825.0,2525.0
14050.0,2325.0;4075.0,2325.0;3900.0,2200.0;3875.0,2200.0
::
Enter Elavator,2425.318240539429:3300.0,0.0,0, 
Door,3487.5:3000.0,0.0,0, 
Button,3318.304900026354:3150.0,0.0,0, 
Button,4852.861959370449:2075.0,0.0,0, 
Companion Cube,4167.836341134541:2472.5,0.0,0, 
Door,5112.5:1925.0,0.0,0, 
Exit Elavator,5484.7242611345355:2075.0,0.0,1, 
::
3,5
2,1
::
2675.0,2800.0
3475.0,2800.0
3475.0,3000.0
3500.0,3000.0
3500.0,2800.0
3900.0,2800.0
3900.0,2950.0
3975.0,2950.0
3975.0,3000.0
4275.0,3000.0
4275.0,2500.0
4075.0,2500.0
4075.0,2325.0
3900.0,2200.0
3900.0,1650.0
5100.0,1650.0
5100.0,1925.0
5125.0,1925.0
5125.0,1825.0
5600.0,1825.0
5600.0,2075.0
4575.0,2075.0
4575.0,2350.0
4825.0,2350.0
4825.0,2525.0
4675.0,2675.0
4675.0,2850.0
4500.0,2850.0
4500.0,3575.0
4300.0,3575.0
4300.0,3275.0
4225.0,3275.0
4225.0,3150.0
3775.0,3150.0
3775.0,3000.0
3700.0,3000.0
3700.0,3150.0
3150.0,3150.0
3150.0,3725.0
2725.0,3725.0
2725.0,3300.0
2325.0,3300.0
2325.0,3075.0
2675.0,3075.0
