0.0,0.0,400,400,25
113:119,0;120,0;121,0;122,0;123,0;124,0;125,0;126,0;127,0;128,0;129,0;130,0;131,0;132,0;133,0;134,0;135,0;136,0;137,0;138,0;139,0;140,0;141,1;142,1;143,1;144,1;145,1;146,1;147,0;148,0;149,0;150,0;151,0;152,0;153,0;154,0;155,0;156,0;157,0;158,0;159,0
114:119,0;159,0
115:119,0;159,0
116:119,0;159,0
117:119,0;159,0
118:119,1;159,0
119:119,1;159,0
120:119,1;159,0
121:119,1;159,0
122:119,1;159,0
123:119,1;135,0;136,0;137,0;138,0;139,0;140,0;141,0;142,0;143,0;144,0;145,0;146,0;147,0;148,0;149,0;150,0;151,0;152,0;153,0;154,0;155,0;156,0;157,0;158,0;159,0
124:119,1;135,0
125:119,1;135,0
126:119,1;135,0
127:119,1;135,0
128:119,1;135,0;136,0;137,0;138,0;139,0;140,0;141,0;142,0;143,0;144,0;145,0;146,0;147,0;148,0;149,0;150,0;151,0
129:119,1;151,1
130:119,1;151,1
131:119,0;120,0;121,0;122,0;123,0;124,0;125,0;126,0;127,0;128,0;129,0;130,0;131,0;132,0;133,0;134,0;151,1
132:134,0;151,1
133:134,0;151,1
134:110,0;111,0;112,0;113,0;114,0;115,0;116,0;117,0;118,0;119,0;120,0;121,0;122,0;123,0;124,0;125,0;126,0;127,0;128,0;129,0;130,0;131,0;132,0;133,0;134,0;151,1
135:110,0;151,1
136:110,0;151,1
137:110,0;151,1
138:110,0;151,1
139:110,0;151,1
140:110,0;151,1
141:110,0;151,1
142:110,0;111,0;112,0;113,0;114,0;115,0;116,0;117,0;118,0;119,0;120,0;121,0;122,0;123,0;124,0;125,0;126,0;145,0;146,0;147,0;148,0;149,0;150,0;151,0
143:126,0;145,0
144:126,0;145,1
145:126,0;145,1
146:126,0;145,1
147:126,0;145,1
148:126,0;145,1
149:126,0;145,1
150:126,0;145,1
151:126,0;145,1
152:126,0;127,0;128,0;129,0;130,0;131,0;132,0;133,0;134,0;135,0;136,0;137,0;138,0;139,0;140,0;141,0;142,0;143,0;144,0;145,0
::
::
Enter Elavator,2862.034411469209:3550.0,0.0,0, 
Floating Text,3357.484062401089:3429.6547222943045,0.0,0,Use the left and right mouse buttons to place portals
Exit Elavator,3842.7415682714795:3075.0,0.0,1, 
::
::
3375.0,3275.0
3000.0,3275.0
3000.0,2850.0
3975.0,2850.0
3975.0,3075.0
3375.0,3075.0
3375.0,3225.0
3775.0,3225.0
3775.0,3550.0
3625.0,3550.0
3625.0,3800.0
3175.0,3800.0
3175.0,3550.0
2775.0,3550.0
2775.0,3375.0
3375.0,3375.0
