0.0,0.0,400,400,25
91:121,1;122,1;123,1;124,1;125,1;126,1;127,1;128,1;129,1;130,1;131,1;132,1;133,1;134,1;135,1;136,1;137,1
92:121,1;137,1
93:121,1;137,1
94:121,1;137,1
95:121,1;137,1
96:121,1;137,1
97:121,1;137,1
98:121,1;137,1
99:121,1;137,1
100:121,1;137,1
101:121,1;137,1
102:121,1;122,1;123,1;124,1;125,1;126,1;127,1;128,1;130,1;131,1;132,1;133,1;134,1;135,1;136,1;137,1
103:121,1;137,1
104:121,1;137,1
105:121,1;137,1
106:121,1;137,1
107:121,1;137,1
108:121,1;137,1
109:121,1;137,1;138,0;139,0;140,0;141,0;142,0;143,0;144,0;145,0;146,0;147,0;148,0;149,0;150,0;151,0;152,0;153,0;154,0;155,0;156,0;157,0;158,0
110:121,1;137,1;158,0
111:121,1;137,1;158,0
112:121,1;137,1;158,0
113:99,0;100,0;101,0;102,0;103,0;104,0;105,0;106,0;107,0;108,0;109,0;110,0;111,0;112,1;113,1;114,1;115,1;116,1;117,1;118,1;119,1;120,1;121,1;137,1;158,0
114:99,0;158,0
115:99,0;122,1;123,1;124,1;125,1;126,1;127,1;128,1;129,1;130,1;131,1;132,1;133,1;134,1;135,1;158,0
116:99,0;122,1;135,0;158,0
117:99,0;122,1;135,0;158,0
118:99,0;122,1;135,0;158,0
119:99,0;122,1;135,0;158,0
120:99,0;122,1;135,0;136,0;137,0;138,0;139,1;140,1;141,1;142,1;143,1;144,1;145,1;146,0;147,0;148,0;149,0;150,0;151,0;152,0;153,0;154,0;155,0;156,0;157,0;158,0
121:99,0;122,1
122:99,0;122,1
123:99,0;122,1
124:99,0;100,0;101,0;102,0;103,0;104,0;105,0;106,0;107,0;108,0;109,0;110,0;111,1;112,1;113,1;114,1;115,1;116,1;117,1;118,1;119,1;120,1;121,1;122,1
::
::
Enter Elavator,2599.740392723531:3100.0,0.0,0, 
Button,3334.575137908687:2550.0,0.0,0, 
Door,3437.5:2850.0,0.0,0, 
Exit Elavator,3857.041620914046:3000.0,0.0,1, 
Companion Cube,2833.7873409140466:3072.5,0.0,0, 
Floating Text,3227.1351026798466:2691.4729084940545,0.0,0,Hold Z to look further
Floating Text,2769.0394317072114:2908.1123791862315,0.0,0,Hold space for aim assist
::
1,2
::
3050.0,2575.0
3225.0,2575.0
3225.0,2550.0
3050.0,2550.0
3050.0,2300.0
3425.0,2300.0
3425.0,2550.0
3250.0,2550.0
3250.0,2575.0
3425.0,2575.0
3425.0,2850.0
3450.0,2850.0
3450.0,2750.0
3950.0,2750.0
3950.0,3000.0
3400.0,3000.0
3400.0,2875.0
3050.0,2875.0
3050.0,3100.0
2500.0,3100.0
2500.0,2850.0
3050.0,2850.0
