0.0,0.0,400,400,25
102:132,1;133,1;134,1;135,1;136,1;137,1;138,1;139,1;140,1;141,1;142,1;143,1;144,1;145,1;146,1;147,1;148,1;149,1;150,1
103:132,1;150,1
104:132,1;150,1
105:128,1;129,1;130,1;131,1;132,1;150,1
106:128,1;150,1
107:128,1;150,1
108:124,1;125,1;126,1;127,1;128,1;150,1
109:124,1;150,1
110:124,1;150,1
111:91,1;92,1;93,1;94,1;95,1;96,1;97,1;98,1;99,1;100,1;101,1;102,1;103,1;124,1;150,1;151,1;152,1;153,1;154,1;155,1;156,1;157,1;158,1;159,1
112:91,1;103,1;124,1;150,1;159,1
113:91,1;103,1;104,1;105,1;106,1;107,1;108,1;109,1;110,1;111,1;112,1;113,1;114,1;115,1;116,1;117,1;118,1;119,1;120,1;121,1;122,1;123,1;124,1;150,1;159,1
114:91,1;141,1;142,1;143,1;144,1;145,1;146,1;147,1;148,1;149,1;150,1;159,1
115:91,1;159,1
116:91,1;159,1
117:91,1;159,1
118:91,1;159,1
119:91,1;159,1
120:91,1;92,1;93,1;94,1;95,1;96,1;97,1;98,1;99,1;106,1;107,1;108,1;109,1;110,1;111,1;112,1;113,1;114,1;115,1;116,1;117,1;118,1;119,1;120,1;121,1;122,1;123,1;124,1;125,1;126,1;127,1;128,1;129,1;130,1;131,1;132,1;133,1;134,1;135,1;136,1;137,1;138,1;139,1;140,1;141,1;142,1;143,1;144,1;145,1;146,1;147,1;148,1;149,1;150,1;151,1;152,1;153,1;154,1;159,1
121:99,1;106,1;154,1;159,1
122:99,1;106,1;108,1;109,1;110,1;111,1;112,1;113,1;114,1;115,1;116,1;117,1;118,1;119,1;120,1;121,1;122,1;123,1;124,1;125,1;126,1;127,1;132,1;133,1;134,1;135,1;136,1;137,1;138,1;139,1;140,1;141,1;142,1;143,1;144,1;145,1;146,1;147,1;148,1;149,1;150,1;151,1;152,1;154,1;159,1
123:99,1;106,1;108,1;127,1;132,1;152,1;154,1;159,1
124:99,1;106,1;108,1;127,1;132,1;152,1;154,1;159,1
125:99,1;106,1;108,1;127,1;132,1;152,1;154,1;159,1
126:99,1;106,1;108,1;127,1;132,1;152,1;154,1;159,1
127:99,1;106,1;108,1;127,1;128,1;129,1;130,1;131,1;132,1;152,1;153,1;154,1;159,1
128:99,1;106,1;108,1;159,1
129:99,1;106,1;108,1;159,1
130:99,1;106,1;108,1;159,1
131:99,1;106,1;108,1;159,1
132:99,1;106,1;108,1;159,1
133:99,1;106,1;108,1;109,1;110,1;111,1;112,1;113,1;114,1;115,1;116,1;117,1;118,1;119,1;120,1;121,1;122,1;123,1;124,1;125,1;126,1;127,1;128,1;129,1;130,1;131,1;132,1;133,1;134,1;135,1;136,1;137,1;138,1;139,1;140,1;141,1;142,1;143,1;144,1;145,1;146,1;147,1;148,1;149,1;150,1;151,1;152,1;153,1;154,1;155,1;156,1;157,1;158,1;159,1
134:99,1;106,1
135:99,1;106,1;107,1;108,1;109,1;110,1;111,1;112,1;113,1;114,1;115,1;116,1;117,1;118,1;119,1;120,1;121,1;122,1;123,1;124,1;125,1;126,1;127,1;128,1;129,1;130,0;131,0;132,0;133,0;134,0;135,0;136,0;137,0;138,0;139,0;140,0;141,0;142,0;143,0;144,0;145,0;146,0;147,0;148,0;149,0;150,0;151,0;152,0;153,0;154,0;155,0;156,1;157,1;158,1;159,1;160,1;161,1;162,1;163,1;164,1;165,1;166,1;167,1;168,0
136:99,1;129,0;131,0;168,0
137:99,1;129,0;131,0;168,0
138:99,1;129,0;130,0;131,0;168,0
139:99,1;168,0
140:99,1;168,0
141:99,1;168,0
142:93,1;94,1;95,1;96,1;97,1;98,1;99,1;168,0;169,0;170,0;171,0;172,0;173,0;174,0;175,0;176,0;177,0;178,0;179,0;180,0;181,0;182,0;183,0
143:93,1;168,0;183,0
144:93,1;129,1;130,0;131,0;168,0;183,0
145:93,1;129,1;131,0;168,0;183,0
146:93,1;129,1;131,0;168,0;183,0
147:93,1;129,1;131,0;168,0;183,0
148:93,1;110,1;111,1;112,1;113,1;114,1;115,1;116,1;117,1;118,1;119,1;120,1;121,1;122,1;123,1;124,1;125,1;126,1;127,1;128,1;129,1;131,0;183,0
149:93,1;110,1;131,0;183,0
150:93,1;108,1;109,1;110,1;131,1;183,0
151:93,1;108,1;131,1;183,0
152:93,1;94,1;95,1;96,1;97,1;98,1;99,1;100,1;101,1;102,1;103,1;104,1;105,1;106,1;107,1;108,1;131,1;183,0
153:131,1;183,0
154:131,1;159,0;160,0;161,0;162,0;163,0;164,0;165,0;166,0;167,0;168,0;169,0;170,0;171,0;172,0;173,0;174,0;175,0;176,0;177,0;178,0;179,0;180,0;181,0;182,0;183,0
155:131,1;159,0;160,0;161,0;162,0;163,0;164,0;165,0;166,0;167,0;168,0
156:131,1;168,0
157:131,1;168,0
158:131,0;132,0;133,0;134,0;135,0;136,0;137,0;168,0
159:137,0;168,0
160:137,0;168,0
161:137,0;168,0
162:137,0;138,0;139,0;140,0;141,0;142,0;143,0;144,0;145,0;146,0;147,0;148,0;149,0;150,0;151,0;152,0;153,0;154,0;155,0;156,0;157,0;158,0;159,0;160,0;161,0;162,0;163,0;164,0;165,0;166,0;167,0;168,0
::
::
Enter Elavator,2820.497280000001:3325.0,0.0,0, 
Turret,3581.029960000005:3275.0,0.0,0, 
Turret,3589.9713538880737:2800.0,0.0,1, 
Button,3283.3868155242762:3000.0,0.0,0, 
Door,2812.5:2850.0,0.0,0, 
Turret,2428.7080197104406:2950.0,0.0,0, 
Companion Cube,3130.1415151235874:3672.5,0.0,0, 
Companion Cube,3171.1415151235874:3598.479921656114,0.0,0, 
Door,4212.5:3700.0,0.0,0, 
Turret,4053.655750664183:3800.0,0.0,1, 
Turret,3507.655750664183:4000.0,0.0,0, 
Turret,3386.655750664183:3900.0,0.0,0, 
Button,4065.655750664183:4050.0,0.0,0, 
Exit Elavator,4490.209910664183:3850.0,0.0,1, 
Turret,2578.9186640833395:3750.0,0.0,0, 
Floating Text,3555.5938919211562:3124.397252321157,0.0,0,Rotate held objects with q and t
::
3,4
12,8
::
3175.0,3200.0
3325.0,3200.0
3325.0,3075.0
3800.0,3075.0
3800.0,3200.0
3875.0,3200.0
3875.0,3000.0
2650.0,3000.0
2650.0,3400.0
3225.0,3400.0
3225.0,3475.0
3300.0,3475.0
3300.0,3400.0
4200.0,3400.0
4200.0,3700.0
4225.0,3700.0
4225.0,3575.0
4575.0,3575.0
4575.0,3850.0
3975.0,3850.0
3975.0,3900.0
4200.0,3900.0
4200.0,4050.0
3450.0,4050.0
3450.0,3950.0
3300.0,3950.0
3300.0,3600.0
3225.0,3600.0
3225.0,3700.0
2750.0,3700.0
2750.0,3750.0
2700.0,3750.0
2700.0,3800.0
2350.0,3800.0
2350.0,3575.0
2500.0,3575.0
2500.0,3000.0
2300.0,3000.0
2300.0,2800.0
2575.0,2800.0
2575.0,2850.0
3125.0,2850.0
3125.0,2725.0
3225.0,2725.0
3225.0,2650.0
3325.0,2650.0
3325.0,2575.0
3750.0,2575.0
3750.0,2850.0
3525.0,2850.0
3525.0,2875.0
3775.0,2875.0
3775.0,2800.0
3975.0,2800.0
3975.0,3325.0
2725.0,3325.0
2725.0,3075.0
3175.0,3075.0
