0.0,0.0,400,400,25
111:124,0;125,0;126,0;127,0;128,0;129,0;130,0;131,0;132,0;133,0;134,0;135,0;136,0;137,0;138,1;139,1;140,1;141,1;142,1;143,1;144,1;145,1;146,0;147,0;148,0;149,0;150,0;151,0;152,0;153,0
112:124,0;153,0
113:124,0;153,0
114:124,0;153,0;171,0;172,1;173,1;174,1;175,1;176,1;177,1;178,1;179,1;180,1;181,1;182,0;183,0;184,0;185,0;186,0;187,0;188,0;189,0;190,0
115:124,0;153,0;171,0;190,0
116:124,0;153,0;171,0;190,0
117:124,0;153,0;171,0;190,0
118:124,0;153,0;171,0;190,0
119:105,0;106,0;107,0;108,0;109,0;110,0;111,0;112,0;113,0;114,0;115,0;116,0;117,0;118,0;119,0;120,0;121,0;122,0;123,0;124,0;153,0;171,0;190,0
120:105,0;135,0;136,0;137,0;138,0;139,0;140,0;141,0;142,0;143,0;144,0;145,0;146,0;153,0;171,0;190,0
121:105,0;135,0;146,0;153,0;171,0;190,0
122:105,0;135,0;146,0;153,0;154,0;155,0;156,0;157,0;158,0;159,0;160,0;161,0;162,0;163,0;164,0;165,0;166,0;167,0;168,0;169,0;170,0;171,0;190,0
123:105,0;135,0;146,1;190,0
124:105,0;135,0;146,1;190,0
125:105,0;135,0;146,1;190,0
126:105,0;130,0;131,0;132,0;133,0;134,0;135,0;146,1;190,0
127:105,0;130,0;146,1;190,0
128:105,0;130,0;146,1;190,0
129:105,0;130,0;146,0;147,0;148,0;149,0;150,0;151,0;152,0;153,0;154,0;155,0;156,0;157,0;158,0;159,0;160,0;161,0;162,0;163,0;164,0;165,0;166,0;167,0;168,0;169,0;170,0;171,0;172,0;173,0;174,0;175,0;176,0;177,0;178,0;190,0
130:105,0;130,0;178,0;190,0
131:105,0;130,0;137,0;138,0;139,0;140,0;141,0;142,0;143,0;144,1;145,1;146,1;147,1;148,1;149,1;150,1;151,1;152,1;153,1;178,0;190,0
132:105,0;106,0;107,0;108,0;109,0;110,0;111,0;112,0;113,0;114,0;115,0;116,0;117,0;118,0;119,0;120,0;121,0;122,0;123,0;124,0;125,0;126,0;127,0;128,0;129,0;130,0;137,0;153,0;178,0;190,0
133:137,0;153,0;178,0;190,0
134:137,0;153,0;154,0;155,0;156,0;157,0;158,0;159,0;160,0;161,0;162,0;163,0;164,0;165,0;166,0;167,0;168,0;169,0;170,0;171,0;172,0;173,0;174,0;175,0;176,0;177,0;178,0;190,0
135:137,0;190,1
136:137,0;190,1
137:137,0;190,1
138:137,0;190,1
139:137,0;190,1
140:137,0;190,1
141:137,0;146,0;147,0;148,0;149,0;150,0;151,0;152,0;153,0;154,0;155,0;156,0;157,0;158,0;159,0;160,0;161,0;162,0;163,0;164,0;165,0;166,0;167,0;168,0;169,0;170,0;171,0;172,0;173,0;174,0;175,0;176,0;177,0;178,0;179,0;180,0;181,0;182,1;183,1;184,1;185,1;186,1;187,1;188,1;189,1;190,1
142:137,0;146,0
143:137,0;146,0
144:137,0;146,0
145:137,0;146,0;147,1;148,1;149,1;150,1;151,1;152,1;153,1;154,1;155,1;156,1;157,1;158,1;159,1;160,1;161,1;162,1;163,1;164,1;165,1;166,1;167,1;168,1;169,1;170,1;171,1;172,1;173,0;174,0;175,0;176,1;177,1;178,1;179,1
146:137,1;179,1
147:137,1;179,1
148:110,0;111,0;112,0;113,0;114,0;115,0;116,0;117,0;118,0;119,0;120,0;121,0;122,0;123,0;124,0;125,0;126,0;127,0;128,0;129,0;137,1;179,1
149:110,0;129,0;137,1;179,1
150:110,0;129,0;130,0;131,0;132,0;133,0;134,0;135,0;136,0;137,1;179,1
151:110,0;129,0;133,0;137,1;179,1
152:110,0;179,1
153:110,0;179,1
154:110,0;179,1
155:110,0;179,1
156:110,0
157:110,0
158:110,0;111,0;112,0;113,0;114,0;115,0;116,0;117,0;118,0;119,0;120,0;121,0;122,0;123,0;124,0;125,0;126,0;127,0;128,0;129,0;130,0;131,0;132,0;133,0;134,0;135,0;136,0;137,1;138,1;139,1;140,1;141,1;142,1;143,1;144,1;145,1;146,1;147,1
159:147,1
160:110,0;111,0;112,0;113,0;114,0;115,0;116,0;117,0;118,0;119,0;120,0;121,0;122,0;123,0;124,0;125,0;126,0;127,0;128,0;129,0;130,0;131,0;132,0;133,0;134,0;135,0;136,0;137,0;138,0;139,0;140,0;141,0;142,0;143,0;144,0;147,1
161:110,0;144,0;147,1
162:110,0;144,0;147,1;183,0;184,0;185,0;186,0;187,0;188,0;189,0;190,0;191,0;192,0;193,0;194,0;195,0;196,0;197,0;198,0;199,0;200,0;201,0;202,0;203,0;204,0;205,0;206,0;207,0;208,0;209,0;210,0;211,0;212,0;213,0;214,0;215,0;216,0;217,0;218,0;219,0;220,0;221,0;222,0;223,0;224,0;225,0;226,0;227,0;228,0;229,0
163:110,0;144,0;147,1;229,0
164:110,0;144,0;147,1;171,1;229,0
165:110,0;144,0;147,1;171,1;229,0
166:110,0;147,1;171,1;172,0;173,0;174,0;175,0;176,0;177,0;178,0;179,0;229,0
167:110,0;147,0;171,0;229,0
168:110,0;147,0;171,0;189,0;213,0;229,0
169:110,0;111,0;112,0;113,0;114,0;115,0;116,0;117,0;118,0;119,0;120,0;121,0;122,0;123,0;124,0;125,0;126,0;127,0;128,0;129,0;130,0;131,0;132,0;133,0;134,0;135,0;136,0;137,0;138,0;159,1;160,1;161,1;229,0
170:161,1;229,0
171:161,1;229,0
172:161,1;229,0
173:161,1;229,0
174:161,1;229,0
175:145,0;146,0;147,0;148,1;149,1;150,1;151,1;152,1;153,1;154,1;161,1;162,1;163,1;164,1;165,1;166,1;167,1;168,1;169,1;170,1;171,0;172,0;173,0;174,0;175,0;176,0;177,0;188,0;189,0;190,0;200,0;201,0;202,0;212,0;213,0;214,0;224,0;225,0;226,0;227,0;228,0;229,0
183:185,0;186,0;187,0;188,0;189,0;190,0;191,0;192,0;210,0;211,0;212,0;213,0;214,0;215,0;216,0
::
14500.0,3900.0;4475.0,3900.0;4275.0,4100.0;4300.0,4100.0
03875.0,4400.0;3875.0,4375.0;3975.0,4225.0;3975.0,4250.0
04450.0,4400.0;4450.0,4375.0;4625.0,4575.0;4625.0,4600.0
04825.0,4600.0;4825.0,4575.0;5000.0,4375.0;5000.0,4400.0
05250.0,4600.0;5250.0,4575.0;5075.0,4375.0;5075.0,4400.0
05425.0,4600.0;5425.0,4575.0;5600.0,4375.0;5600.0,4400.0
04500.0,4175.0;4500.0,4150.0;4575.0,4050.0;4575.0,4075.0
03675.0,4225.0;3675.0,4200.0;3625.0,4150.0;3600.0,4150.0
03475.0,4250.0;3475.0,4225.0;3625.0,4375.0;3625.0,4400.0
::
Enter Elavator,2759.5:3300.0,0.0,0, 
Energy Pellet Launcher,3180.724085602662:4025.0,1.5707963267948966,0, 
Energy Pellet Reciever,2775.0:4131.80719854979,-6.283185307179586,0, 
Companion Cube,3070.967446642253:3272.5,0.0,0, 
Energy Pellet Reciever,4365.893498460321:3650.0,1.5707963267948966,0, 
Door,4737.5:4225.0,0.0,0, 
Door,5337.5:4225.0,0.0,0, 
Energy Pellet Reciever,5725.0:4306.162702223368,-3.141592653589793,0, 
Button,4727.44841196534:4575.0,0.0,0, 
Button,5334.44841196534:4575.0,0.0,0, 
Energy Pellet Launcher,4750.0:3159.4168471677963,-3.141592653589793,0, 
Energy Pellet Launcher,3450.0:3476.4168471677963,-6.283185307179586,0, 
Door,3437.5:3800.0,0.0,0, 
Exit Elavator,2935.847314371861:3950.0,0.0,0, 
Door,3237.5:3800.0,0.0,0, 
Door,3337.5:3800.0,0.0,0, 
::
8,5
9,6
2,12
4,15
7,14
::
3125.0,2800.0
3825.0,2800.0
3825.0,3075.0
4300.0,3075.0
4300.0,2875.0
4750.0,2875.0
4750.0,3525.0
3650.0,3525.0
3650.0,3650.0
4475.0,3650.0
4475.0,3900.0
4275.0,4100.0
4275.0,4225.0
4300.0,4225.0
4300.0,4175.0
4500.0,4175.0
4575.0,4075.0
5725.0,4075.0
5725.0,4375.0
5600.0,4375.0
5425.0,4575.0
5250.0,4575.0
5075.0,4375.0
5000.0,4375.0
4825.0,4575.0
4625.0,4575.0
4450.0,4375.0
4050.0,4375.0
4050.0,4225.0
3975.0,4225.0
3875.0,4375.0
3625.0,4375.0
3475.0,4225.0
2775.0,4225.0
2775.0,4025.0
3600.0,4025.0
3600.0,4150.0
3675.0,4225.0
3700.0,4225.0
3700.0,3950.0
2775.0,3950.0
2775.0,3725.0
3225.0,3725.0
3225.0,3800.0
3250.0,3800.0
3250.0,3775.0
3325.0,3775.0
3325.0,3800.0
3350.0,3800.0
3350.0,3775.0
3425.0,3775.0
3425.0,3800.0
3450.0,3800.0
3450.0,3300.0
3825.0,3300.0
3825.0,3375.0
4475.0,3375.0
4475.0,3225.0
3675.0,3225.0
3675.0,3000.0
3375.0,3000.0
3375.0,3150.0
3250.0,3150.0
3250.0,3300.0
2650.0,3300.0
2650.0,3000.0
3125.0,3000.0
