0.0,0.0,400,400,25
112:100,0;101,0;102,0;103,0;104,0;105,0;106,0;107,0;108,0;109,0;110,0;111,0;112,0;113,0;114,0;115,0;116,0;117,0;118,0;119,0;120,0;121,0;122,0;123,0;124,0;125,0;126,0;127,0;128,0;129,0;130,0;131,1;132,1;133,1;134,1;135,1;136,1;137,1;138,0;139,0;140,0;141,0;142,0;143,0
113:100,0;143,0
114:100,0;143,0
115:100,0;143,0
116:100,0;143,0
117:100,0;143,0
118:100,0;143,0
119:100,0;143,0
120:100,0;143,0
121:100,0;143,0;144,0;145,0;146,0;147,0;148,0;149,0;150,0;151,0;152,0;153,0;154,0;155,0;156,0;157,0;158,0
122:100,0;143,0;158,0
123:100,0;143,0;158,0
124:100,0;143,0;158,0
125:100,0;143,0;158,0
126:100,0;143,0;158,0
127:100,0;158,0
128:100,0;158,0
129:100,0;158,0
130:100,0;158,0
131:100,0;158,0
132:100,0;158,0
133:100,0;101,0;102,0;103,0;104,0;105,0;106,0;107,0;108,0;109,0;110,0;111,0;112,0;113,0;114,0;115,0;116,0;117,0;118,1;119,1;120,1;121,1;122,1;123,1;124,1;125,0;126,0;127,0;128,0;129,0;130,0;131,0;132,0;133,0;134,0;135,0;136,0;137,0;138,0;139,0;140,0;141,0;142,0;143,0;144,0;145,0;146,0;147,0;148,0;149,0;150,0;151,0;152,0;153,0;154,0;155,0;156,0;157,0;158,0
::
::
Enter Elavator,2632.1268310772534:3325.0,0.0,0, 
Door,3587.5:3175.0,0.0,0, 
Energy Pellet Launcher,3045.1268310772534:2825.0,1.5707963267948966,0, 
Energy Pellet Reciever,3359.1268310772534:3325.0,-1.5707963267948966,0, 
Exit Elavator,3855.2475110772543:3325.0,0.0,1, 
::
3,1
::
3575.0,3175.0
3600.0,3175.0
3600.0,3050.0
3950.0,3050.0
3950.0,3325.0
2525.0,3325.0
2525.0,2825.0
3575.0,2825.0
