0.0,0.0,400,400,25
109:105,1;106,1;107,1;108,1;109,1;110,1;111,1;112,1;113,1;114,1;115,1;116,1;117,1;118,1;119,1;120,1;121,1;122,1;123,1;124,1;125,1;126,1;127,1;128,1;129,1;130,1;131,1
110:105,1;131,1
111:105,1;131,1
112:105,1;131,1
113:105,1;131,1
114:105,1;131,1
115:105,1;131,1
116:105,1;131,0
117:105,1;131,1
118:105,1;131,1
119:105,1;131,1
120:105,1;106,1;107,1;108,1;109,1;110,1;111,1;112,1;113,1;114,1;115,1;116,1;117,1;118,1;131,1
121:118,1;131,1
122:79,1;80,1;81,1;82,1;83,1;84,1;85,1;86,1;87,1;88,1;89,1;90,1;91,1;92,1;93,1;94,1;95,1;96,1;97,1;98,1;99,1;100,1;101,1;102,1;103,1;104,1;105,1;106,0;107,0;108,0;109,0;110,0;111,0;112,0;113,0;114,0;115,0;116,0;117,0;118,0;131,1;132,1;133,1;134,1;135,1;136,1;137,1;138,1;139,1;140,1;141,1;142,1;143,1;144,1;145,1;146,1;147,1;148,1;149,1;150,1;151,1;152,1
123:79,1;152,1
124:79,1;131,0;152,1
125:79,1;152,1
126:79,1;152,1
127:79,1;152,1
128:79,1;152,1
129:79,1;152,1
130:79,1;152,1
131:79,1;131,0;152,1
132:79,1;116,0;117,0;118,0;119,0;120,0;121,0;122,0;152,1;153,0;154,0;155,0;156,0;157,0;158,0;159,0;160,0;161,0;162,0;163,0;164,0;165,0;166,0;167,0;168,0
133:79,1;152,0;168,0
134:79,1;152,0;168,0
135:79,1;152,0;168,0
136:79,1;168,0
137:79,1;168,0
138:79,1;108,0;168,0
139:79,1;108,1;168,0
140:79,1;108,1;168,0
141:79,0;108,1;168,0
142:79,1;108,1;112,0;113,0;114,0;115,0;116,0;117,0;118,0;119,0;120,0;121,0;122,0;123,0;124,1;125,1;126,1;127,1;128,0;129,0;130,0;131,0;132,0;133,0;134,0;135,1;136,1;137,1;138,1;139,1;140,1;141,1;142,1;143,1;144,1;145,1;146,1;147,1;148,1;149,1;150,1;151,1;152,0;153,0;154,0;155,0;156,0;157,0;158,0;159,0;160,0;161,0;162,0;163,0;164,0;165,0;166,0;167,0;168,0
143:79,1;108,1
144:79,1;108,1;109,1;110,1;111,1;112,1;113,1
145:79,1;113,1
146:79,1;113,1
147:79,1;113,1
148:79,0;113,1
149:79,0;96,1;113,1
150:79,1;113,1
151:79,1;113,1
152:79,1;113,1
153:79,1;113,1
154:79,1;113,1
155:79,1;113,1
156:79,0;96,1;113,1
157:79,1;80,1;81,1;82,1;83,1;84,1;85,1;86,1;87,1;88,1;89,1;90,1;91,1;92,1;93,1;94,1;95,1;96,1;97,1;98,1;99,1;100,1;101,1;102,1;103,1;104,1;105,1;106,1;107,1;108,1;109,1;110,1;111,1;112,1;113,1
::
02450.0,3725.0;2450.0,3700.0;2600.0,3550.0;2600.0,3575.0
02600.0,3125.0;2600.0,3100.0;2425.0,3275.0;2425.0,3300.0
13525.0,3150.0;3525.0,3125.0;3650.0,3250.0;3650.0,3275.0
02725.0,3475.0;2725.0,3450.0;2800.0,3550.0;2800.0,3575.0
::
Enter Elavator,2785.5:3000.0,0.0,0, 
Button,3287.6931498711683:3550.0,0.0,0, 
Energy Pellet Launcher,2825.0:3851.060393032066,-3.141592653589793,0, 
Door,3287.5:3125.0,0.0,0, 
Door,3812.5:3400.0,0.0,0, 
Exit Elavator,4074.7818332224247:3550.0,0.0,1, 
Button,3012.625688557885:3550.0,0.0,0, 
Door,2412.5:3750.0,0.0,0, 
Energy Pellet Reciever,2832.1488516555332:3075.0,1.5707963267948966,0, 
::
6,7
1,3
8,4
::
3275.0,3075.0
3800.0,3075.0
3800.0,3400.0
3825.0,3400.0
3825.0,3325.0
4200.0,3325.0
4200.0,3550.0
2800.0,3550.0
2725.0,3450.0
2700.0,3450.0
2700.0,3625.0
2825.0,3625.0
2825.0,3925.0
2425.0,3925.0
2425.0,3900.0
2400.0,3900.0
2400.0,3925.0
2000.0,3925.0
2000.0,3075.0
2975.0,3075.0
2975.0,3000.0
2650.0,3000.0
2650.0,2750.0
3275.0,2750.0
